 ====================================================================================
               Transient state solution for a 2D rectangular plate
                    for applications in steel reheating
                 e.g. Reheating furnaces for rolling processing
 ====================================================================================
 Author: Dickson Alves de Souza

 Based on lectures by professor Roberto Parreiras Tavares

 and book Numerical Heat Transfer and Fluid Flow
 by Suhas V. Patankar (1980)

 Federal University of Minas Gerais (UFMG)
 October 26th, 2017
 ====================================================================================
                              Input parameters:

 Lenght in X direction (meters):           1.0000
 Lenght in Y direction (meters):           0.2000
 Nodes in X direction:                         31
 Nodes in Y direction:                         31
 SOLUTION of LINEAR SYSTEM: TDMA (tri-diagonal matrix algorithm)
      ADI approach employed in solution.
 Tolerance:       0.0010

 ====================================================================================
                    Calculation Results
 Current time:    0.0000000000000000       seconds
 Maximum Temperature :    0.0000000000000000
 Minimum Temperature :    0.0000000000000000
 Average(algebraic, non-weigthed) Temperature :    0.0000000000000000
 ====================================================================================
            I           J        X(m)        Y(m)        T(K)  Cp(J/kg.K) K(W/sq-m.K)
 ====================================================================================
            1           1      0.0000      0.0000    300.0000    478.5730     62.2137
            1           2      0.0000      0.0067    300.0000    478.5730     62.2137
            1           3      0.0000      0.0133    300.0000    478.5730     62.2137
            1           4      0.0000      0.0200    300.0000    478.5730     62.2137
            1           5      0.0000      0.0267    300.0000    478.5730     62.2137
            1           6      0.0000      0.0333    300.0000    478.5730     62.2137
            1           7      0.0000      0.0400    300.0000    478.5730     62.2137
            1           8      0.0000      0.0467    300.0000    478.5730     62.2137
            1           9      0.0000      0.0533    300.0000    478.5730     62.2137
            1          10      0.0000      0.0600    300.0000    478.5730     62.2137
            1          11      0.0000      0.0667    300.0000    478.5730     62.2137
            1          12      0.0000      0.0733    300.0000    478.5730     62.2137
            1          13      0.0000      0.0800    300.0000    478.5730     62.2137
            1          14      0.0000      0.0867    300.0000    478.5730     62.2137
            1          15      0.0000      0.0933    300.0000    478.5730     62.2137
            1          16      0.0000      0.1000    300.0000    478.5730     62.2137
            1          17      0.0000      0.1067    300.0000    478.5730     62.2137
            1          18      0.0000      0.1133    300.0000    478.5730     62.2137
            1          19      0.0000      0.1200    300.0000    478.5730     62.2137
            1          20      0.0000      0.1267    300.0000    478.5730     62.2137
            1          21      0.0000      0.1333    300.0000    478.5730     62.2137
            1          22      0.0000      0.1400    300.0000    478.5730     62.2137
            1          23      0.0000      0.1467    300.0000    478.5730     62.2137
            1          24      0.0000      0.1533    300.0000    478.5730     62.2137
            1          25      0.0000      0.1600    300.0000    478.5730     62.2137
            1          26      0.0000      0.1667    300.0000    478.5730     62.2137
            1          27      0.0000      0.1733    300.0000    478.5730     62.2137
            1          28      0.0000      0.1800    300.0000    478.5730     62.2137
            1          29      0.0000      0.1867    300.0000    478.5730     62.2137
            1          30      0.0000      0.1933    300.0000    478.5730     62.2137
            1          31      0.0000      0.2000    300.0000    478.5730     62.2137
            2           1      0.0333      0.0000    300.0000    478.5730     62.2137
            2           2      0.0333      0.0067    300.0000    478.5730     62.2137
            2           3      0.0333      0.0133    300.0000    478.5730     62.2137
            2           4      0.0333      0.0200    300.0000    478.5730     62.2137
            2           5      0.0333      0.0267    300.0000    478.5730     62.2137
            2           6      0.0333      0.0333    300.0000    478.5730     62.2137
            2           7      0.0333      0.0400    300.0000    478.5730     62.2137
            2           8      0.0333      0.0467    300.0000    478.5730     62.2137
            2           9      0.0333      0.0533    300.0000    478.5730     62.2137
            2          10      0.0333      0.0600    300.0000    478.5730     62.2137
            2          11      0.0333      0.0667    300.0000    478.5730     62.2137
            2          12      0.0333      0.0733    300.0000    478.5730     62.2137
            2          13      0.0333      0.0800    300.0000    478.5730     62.2137
            2          14      0.0333      0.0867    300.0000    478.5730     62.2137
            2          15      0.0333      0.0933    300.0000    478.5730     62.2137
            2          16      0.0333      0.1000    300.0000    478.5730     62.2137
            2          17      0.0333      0.1067    300.0000    478.5730     62.2137
            2          18      0.0333      0.1133    300.0000    478.5730     62.2137
            2          19      0.0333      0.1200    300.0000    478.5730     62.2137
            2          20      0.0333      0.1267    300.0000    478.5730     62.2137
            2          21      0.0333      0.1333    300.0000    478.5730     62.2137
            2          22      0.0333      0.1400    300.0000    478.5730     62.2137
            2          23      0.0333      0.1467    300.0000    478.5730     62.2137
            2          24      0.0333      0.1533    300.0000    478.5730     62.2137
            2          25      0.0333      0.1600    300.0000    478.5730     62.2137
            2          26      0.0333      0.1667    300.0000    478.5730     62.2137
            2          27      0.0333      0.1733    300.0000    478.5730     62.2137
            2          28      0.0333      0.1800    300.0000    478.5730     62.2137
            2          29      0.0333      0.1867    300.0000    478.5730     62.2137
            2          30      0.0333      0.1933    300.0000    478.5730     62.2137
            2          31      0.0333      0.2000    300.0000    478.5730     62.2137
            3           1      0.0667      0.0000    300.0000    478.5730     62.2137
            3           2      0.0667      0.0067    300.0000    478.5730     62.2137
            3           3      0.0667      0.0133    300.0000    478.5730     62.2137
            3           4      0.0667      0.0200    300.0000    478.5730     62.2137
            3           5      0.0667      0.0267    300.0000    478.5730     62.2137
            3           6      0.0667      0.0333    300.0000    478.5730     62.2137
            3           7      0.0667      0.0400    300.0000    478.5730     62.2137
            3           8      0.0667      0.0467    300.0000    478.5730     62.2137
            3           9      0.0667      0.0533    300.0000    478.5730     62.2137
            3          10      0.0667      0.0600    300.0000    478.5730     62.2137
            3          11      0.0667      0.0667    300.0000    478.5730     62.2137
            3          12      0.0667      0.0733    300.0000    478.5730     62.2137
            3          13      0.0667      0.0800    300.0000    478.5730     62.2137
            3          14      0.0667      0.0867    300.0000    478.5730     62.2137
            3          15      0.0667      0.0933    300.0000    478.5730     62.2137
            3          16      0.0667      0.1000    300.0000    478.5730     62.2137
            3          17      0.0667      0.1067    300.0000    478.5730     62.2137
            3          18      0.0667      0.1133    300.0000    478.5730     62.2137
            3          19      0.0667      0.1200    300.0000    478.5730     62.2137
            3          20      0.0667      0.1267    300.0000    478.5730     62.2137
            3          21      0.0667      0.1333    300.0000    478.5730     62.2137
            3          22      0.0667      0.1400    300.0000    478.5730     62.2137
            3          23      0.0667      0.1467    300.0000    478.5730     62.2137
            3          24      0.0667      0.1533    300.0000    478.5730     62.2137
            3          25      0.0667      0.1600    300.0000    478.5730     62.2137
            3          26      0.0667      0.1667    300.0000    478.5730     62.2137
            3          27      0.0667      0.1733    300.0000    478.5730     62.2137
            3          28      0.0667      0.1800    300.0000    478.5730     62.2137
            3          29      0.0667      0.1867    300.0000    478.5730     62.2137
            3          30      0.0667      0.1933    300.0000    478.5730     62.2137
            3          31      0.0667      0.2000    300.0000    478.5730     62.2137
            4           1      0.1000      0.0000    300.0000    478.5730     62.2137
            4           2      0.1000      0.0067    300.0000    478.5730     62.2137
            4           3      0.1000      0.0133    300.0000    478.5730     62.2137
            4           4      0.1000      0.0200    300.0000    478.5730     62.2137
            4           5      0.1000      0.0267    300.0000    478.5730     62.2137
            4           6      0.1000      0.0333    300.0000    478.5730     62.2137
            4           7      0.1000      0.0400    300.0000    478.5730     62.2137
            4           8      0.1000      0.0467    300.0000    478.5730     62.2137
            4           9      0.1000      0.0533    300.0000    478.5730     62.2137
            4          10      0.1000      0.0600    300.0000    478.5730     62.2137
            4          11      0.1000      0.0667    300.0000    478.5730     62.2137
            4          12      0.1000      0.0733    300.0000    478.5730     62.2137
            4          13      0.1000      0.0800    300.0000    478.5730     62.2137
            4          14      0.1000      0.0867    300.0000    478.5730     62.2137
            4          15      0.1000      0.0933    300.0000    478.5730     62.2137
            4          16      0.1000      0.1000    300.0000    478.5730     62.2137
            4          17      0.1000      0.1067    300.0000    478.5730     62.2137
            4          18      0.1000      0.1133    300.0000    478.5730     62.2137
            4          19      0.1000      0.1200    300.0000    478.5730     62.2137
            4          20      0.1000      0.1267    300.0000    478.5730     62.2137
            4          21      0.1000      0.1333    300.0000    478.5730     62.2137
            4          22      0.1000      0.1400    300.0000    478.5730     62.2137
            4          23      0.1000      0.1467    300.0000    478.5730     62.2137
            4          24      0.1000      0.1533    300.0000    478.5730     62.2137
            4          25      0.1000      0.1600    300.0000    478.5730     62.2137
            4          26      0.1000      0.1667    300.0000    478.5730     62.2137
            4          27      0.1000      0.1733    300.0000    478.5730     62.2137
            4          28      0.1000      0.1800    300.0000    478.5730     62.2137
            4          29      0.1000      0.1867    300.0000    478.5730     62.2137
            4          30      0.1000      0.1933    300.0000    478.5730     62.2137
            4          31      0.1000      0.2000    300.0000    478.5730     62.2137
            5           1      0.1333      0.0000    300.0000    478.5730     62.2137
            5           2      0.1333      0.0067    300.0000    478.5730     62.2137
            5           3      0.1333      0.0133    300.0000    478.5730     62.2137
            5           4      0.1333      0.0200    300.0000    478.5730     62.2137
            5           5      0.1333      0.0267    300.0000    478.5730     62.2137
            5           6      0.1333      0.0333    300.0000    478.5730     62.2137
            5           7      0.1333      0.0400    300.0000    478.5730     62.2137
            5           8      0.1333      0.0467    300.0000    478.5730     62.2137
            5           9      0.1333      0.0533    300.0000    478.5730     62.2137
            5          10      0.1333      0.0600    300.0000    478.5730     62.2137
            5          11      0.1333      0.0667    300.0000    478.5730     62.2137
            5          12      0.1333      0.0733    300.0000    478.5730     62.2137
            5          13      0.1333      0.0800    300.0000    478.5730     62.2137
            5          14      0.1333      0.0867    300.0000    478.5730     62.2137
            5          15      0.1333      0.0933    300.0000    478.5730     62.2137
            5          16      0.1333      0.1000    300.0000    478.5730     62.2137
            5          17      0.1333      0.1067    300.0000    478.5730     62.2137
            5          18      0.1333      0.1133    300.0000    478.5730     62.2137
            5          19      0.1333      0.1200    300.0000    478.5730     62.2137
            5          20      0.1333      0.1267    300.0000    478.5730     62.2137
            5          21      0.1333      0.1333    300.0000    478.5730     62.2137
            5          22      0.1333      0.1400    300.0000    478.5730     62.2137
            5          23      0.1333      0.1467    300.0000    478.5730     62.2137
            5          24      0.1333      0.1533    300.0000    478.5730     62.2137
            5          25      0.1333      0.1600    300.0000    478.5730     62.2137
            5          26      0.1333      0.1667    300.0000    478.5730     62.2137
            5          27      0.1333      0.1733    300.0000    478.5730     62.2137
            5          28      0.1333      0.1800    300.0000    478.5730     62.2137
            5          29      0.1333      0.1867    300.0000    478.5730     62.2137
            5          30      0.1333      0.1933    300.0000    478.5730     62.2137
            5          31      0.1333      0.2000    300.0000    478.5730     62.2137
            6           1      0.1667      0.0000    300.0000    478.5730     62.2137
            6           2      0.1667      0.0067    300.0000    478.5730     62.2137
            6           3      0.1667      0.0133    300.0000    478.5730     62.2137
            6           4      0.1667      0.0200    300.0000    478.5730     62.2137
            6           5      0.1667      0.0267    300.0000    478.5730     62.2137
            6           6      0.1667      0.0333    300.0000    478.5730     62.2137
            6           7      0.1667      0.0400    300.0000    478.5730     62.2137
            6           8      0.1667      0.0467    300.0000    478.5730     62.2137
            6           9      0.1667      0.0533    300.0000    478.5730     62.2137
            6          10      0.1667      0.0600    300.0000    478.5730     62.2137
            6          11      0.1667      0.0667    300.0000    478.5730     62.2137
            6          12      0.1667      0.0733    300.0000    478.5730     62.2137
            6          13      0.1667      0.0800    300.0000    478.5730     62.2137
            6          14      0.1667      0.0867    300.0000    478.5730     62.2137
            6          15      0.1667      0.0933    300.0000    478.5730     62.2137
            6          16      0.1667      0.1000    300.0000    478.5730     62.2137
            6          17      0.1667      0.1067    300.0000    478.5730     62.2137
            6          18      0.1667      0.1133    300.0000    478.5730     62.2137
            6          19      0.1667      0.1200    300.0000    478.5730     62.2137
            6          20      0.1667      0.1267    300.0000    478.5730     62.2137
            6          21      0.1667      0.1333    300.0000    478.5730     62.2137
            6          22      0.1667      0.1400    300.0000    478.5730     62.2137
            6          23      0.1667      0.1467    300.0000    478.5730     62.2137
            6          24      0.1667      0.1533    300.0000    478.5730     62.2137
            6          25      0.1667      0.1600    300.0000    478.5730     62.2137
            6          26      0.1667      0.1667    300.0000    478.5730     62.2137
            6          27      0.1667      0.1733    300.0000    478.5730     62.2137
            6          28      0.1667      0.1800    300.0000    478.5730     62.2137
            6          29      0.1667      0.1867    300.0000    478.5730     62.2137
            6          30      0.1667      0.1933    300.0000    478.5730     62.2137
            6          31      0.1667      0.2000    300.0000    478.5730     62.2137
            7           1      0.2000      0.0000    300.0000    478.5730     62.2137
            7           2      0.2000      0.0067    300.0000    478.5730     62.2137
            7           3      0.2000      0.0133    300.0000    478.5730     62.2137
            7           4      0.2000      0.0200    300.0000    478.5730     62.2137
            7           5      0.2000      0.0267    300.0000    478.5730     62.2137
            7           6      0.2000      0.0333    300.0000    478.5730     62.2137
            7           7      0.2000      0.0400    300.0000    478.5730     62.2137
            7           8      0.2000      0.0467    300.0000    478.5730     62.2137
            7           9      0.2000      0.0533    300.0000    478.5730     62.2137
            7          10      0.2000      0.0600    300.0000    478.5730     62.2137
            7          11      0.2000      0.0667    300.0000    478.5730     62.2137
            7          12      0.2000      0.0733    300.0000    478.5730     62.2137
            7          13      0.2000      0.0800    300.0000    478.5730     62.2137
            7          14      0.2000      0.0867    300.0000    478.5730     62.2137
            7          15      0.2000      0.0933    300.0000    478.5730     62.2137
            7          16      0.2000      0.1000    300.0000    478.5730     62.2137
            7          17      0.2000      0.1067    300.0000    478.5730     62.2137
            7          18      0.2000      0.1133    300.0000    478.5730     62.2137
            7          19      0.2000      0.1200    300.0000    478.5730     62.2137
            7          20      0.2000      0.1267    300.0000    478.5730     62.2137
            7          21      0.2000      0.1333    300.0000    478.5730     62.2137
            7          22      0.2000      0.1400    300.0000    478.5730     62.2137
            7          23      0.2000      0.1467    300.0000    478.5730     62.2137
            7          24      0.2000      0.1533    300.0000    478.5730     62.2137
            7          25      0.2000      0.1600    300.0000    478.5730     62.2137
            7          26      0.2000      0.1667    300.0000    478.5730     62.2137
            7          27      0.2000      0.1733    300.0000    478.5730     62.2137
            7          28      0.2000      0.1800    300.0000    478.5730     62.2137
            7          29      0.2000      0.1867    300.0000    478.5730     62.2137
            7          30      0.2000      0.1933    300.0000    478.5730     62.2137
            7          31      0.2000      0.2000    300.0000    478.5730     62.2137
            8           1      0.2333      0.0000    300.0000    478.5730     62.2137
            8           2      0.2333      0.0067    300.0000    478.5730     62.2137
            8           3      0.2333      0.0133    300.0000    478.5730     62.2137
            8           4      0.2333      0.0200    300.0000    478.5730     62.2137
            8           5      0.2333      0.0267    300.0000    478.5730     62.2137
            8           6      0.2333      0.0333    300.0000    478.5730     62.2137
            8           7      0.2333      0.0400    300.0000    478.5730     62.2137
            8           8      0.2333      0.0467    300.0000    478.5730     62.2137
            8           9      0.2333      0.0533    300.0000    478.5730     62.2137
            8          10      0.2333      0.0600    300.0000    478.5730     62.2137
            8          11      0.2333      0.0667    300.0000    478.5730     62.2137
            8          12      0.2333      0.0733    300.0000    478.5730     62.2137
            8          13      0.2333      0.0800    300.0000    478.5730     62.2137
            8          14      0.2333      0.0867    300.0000    478.5730     62.2137
            8          15      0.2333      0.0933    300.0000    478.5730     62.2137
            8          16      0.2333      0.1000    300.0000    478.5730     62.2137
            8          17      0.2333      0.1067    300.0000    478.5730     62.2137
            8          18      0.2333      0.1133    300.0000    478.5730     62.2137
            8          19      0.2333      0.1200    300.0000    478.5730     62.2137
            8          20      0.2333      0.1267    300.0000    478.5730     62.2137
            8          21      0.2333      0.1333    300.0000    478.5730     62.2137
            8          22      0.2333      0.1400    300.0000    478.5730     62.2137
            8          23      0.2333      0.1467    300.0000    478.5730     62.2137
            8          24      0.2333      0.1533    300.0000    478.5730     62.2137
            8          25      0.2333      0.1600    300.0000    478.5730     62.2137
            8          26      0.2333      0.1667    300.0000    478.5730     62.2137
            8          27      0.2333      0.1733    300.0000    478.5730     62.2137
            8          28      0.2333      0.1800    300.0000    478.5730     62.2137
            8          29      0.2333      0.1867    300.0000    478.5730     62.2137
            8          30      0.2333      0.1933    300.0000    478.5730     62.2137
            8          31      0.2333      0.2000    300.0000    478.5730     62.2137
            9           1      0.2667      0.0000    300.0000    478.5730     62.2137
            9           2      0.2667      0.0067    300.0000    478.5730     62.2137
            9           3      0.2667      0.0133    300.0000    478.5730     62.2137
            9           4      0.2667      0.0200    300.0000    478.5730     62.2137
            9           5      0.2667      0.0267    300.0000    478.5730     62.2137
            9           6      0.2667      0.0333    300.0000    478.5730     62.2137
            9           7      0.2667      0.0400    300.0000    478.5730     62.2137
            9           8      0.2667      0.0467    300.0000    478.5730     62.2137
            9           9      0.2667      0.0533    300.0000    478.5730     62.2137
            9          10      0.2667      0.0600    300.0000    478.5730     62.2137
            9          11      0.2667      0.0667    300.0000    478.5730     62.2137
            9          12      0.2667      0.0733    300.0000    478.5730     62.2137
            9          13      0.2667      0.0800    300.0000    478.5730     62.2137
            9          14      0.2667      0.0867    300.0000    478.5730     62.2137
            9          15      0.2667      0.0933    300.0000    478.5730     62.2137
            9          16      0.2667      0.1000    300.0000    478.5730     62.2137
            9          17      0.2667      0.1067    300.0000    478.5730     62.2137
            9          18      0.2667      0.1133    300.0000    478.5730     62.2137
            9          19      0.2667      0.1200    300.0000    478.5730     62.2137
            9          20      0.2667      0.1267    300.0000    478.5730     62.2137
            9          21      0.2667      0.1333    300.0000    478.5730     62.2137
            9          22      0.2667      0.1400    300.0000    478.5730     62.2137
            9          23      0.2667      0.1467    300.0000    478.5730     62.2137
            9          24      0.2667      0.1533    300.0000    478.5730     62.2137
            9          25      0.2667      0.1600    300.0000    478.5730     62.2137
            9          26      0.2667      0.1667    300.0000    478.5730     62.2137
            9          27      0.2667      0.1733    300.0000    478.5730     62.2137
            9          28      0.2667      0.1800    300.0000    478.5730     62.2137
            9          29      0.2667      0.1867    300.0000    478.5730     62.2137
            9          30      0.2667      0.1933    300.0000    478.5730     62.2137
            9          31      0.2667      0.2000    300.0000    478.5730     62.2137
           10           1      0.3000      0.0000    300.0000    478.5730     62.2137
           10           2      0.3000      0.0067    300.0000    478.5730     62.2137
           10           3      0.3000      0.0133    300.0000    478.5730     62.2137
           10           4      0.3000      0.0200    300.0000    478.5730     62.2137
           10           5      0.3000      0.0267    300.0000    478.5730     62.2137
           10           6      0.3000      0.0333    300.0000    478.5730     62.2137
           10           7      0.3000      0.0400    300.0000    478.5730     62.2137
           10           8      0.3000      0.0467    300.0000    478.5730     62.2137
           10           9      0.3000      0.0533    300.0000    478.5730     62.2137
           10          10      0.3000      0.0600    300.0000    478.5730     62.2137
           10          11      0.3000      0.0667    300.0000    478.5730     62.2137
           10          12      0.3000      0.0733    300.0000    478.5730     62.2137
           10          13      0.3000      0.0800    300.0000    478.5730     62.2137
           10          14      0.3000      0.0867    300.0000    478.5730     62.2137
           10          15      0.3000      0.0933    300.0000    478.5730     62.2137
           10          16      0.3000      0.1000    300.0000    478.5730     62.2137
           10          17      0.3000      0.1067    300.0000    478.5730     62.2137
           10          18      0.3000      0.1133    300.0000    478.5730     62.2137
           10          19      0.3000      0.1200    300.0000    478.5730     62.2137
           10          20      0.3000      0.1267    300.0000    478.5730     62.2137
           10          21      0.3000      0.1333    300.0000    478.5730     62.2137
           10          22      0.3000      0.1400    300.0000    478.5730     62.2137
           10          23      0.3000      0.1467    300.0000    478.5730     62.2137
           10          24      0.3000      0.1533    300.0000    478.5730     62.2137
           10          25      0.3000      0.1600    300.0000    478.5730     62.2137
           10          26      0.3000      0.1667    300.0000    478.5730     62.2137
           10          27      0.3000      0.1733    300.0000    478.5730     62.2137
           10          28      0.3000      0.1800    300.0000    478.5730     62.2137
           10          29      0.3000      0.1867    300.0000    478.5730     62.2137
           10          30      0.3000      0.1933    300.0000    478.5730     62.2137
           10          31      0.3000      0.2000    300.0000    478.5730     62.2137
           11           1      0.3333      0.0000    300.0000    478.5730     62.2137
           11           2      0.3333      0.0067    300.0000    478.5730     62.2137
           11           3      0.3333      0.0133    300.0000    478.5730     62.2137
           11           4      0.3333      0.0200    300.0000    478.5730     62.2137
           11           5      0.3333      0.0267    300.0000    478.5730     62.2137
           11           6      0.3333      0.0333    300.0000    478.5730     62.2137
           11           7      0.3333      0.0400    300.0000    478.5730     62.2137
           11           8      0.3333      0.0467    300.0000    478.5730     62.2137
           11           9      0.3333      0.0533    300.0000    478.5730     62.2137
           11          10      0.3333      0.0600    300.0000    478.5730     62.2137
           11          11      0.3333      0.0667    300.0000    478.5730     62.2137
           11          12      0.3333      0.0733    300.0000    478.5730     62.2137
           11          13      0.3333      0.0800    300.0000    478.5730     62.2137
           11          14      0.3333      0.0867    300.0000    478.5730     62.2137
           11          15      0.3333      0.0933    300.0000    478.5730     62.2137
           11          16      0.3333      0.1000    300.0000    478.5730     62.2137
           11          17      0.3333      0.1067    300.0000    478.5730     62.2137
           11          18      0.3333      0.1133    300.0000    478.5730     62.2137
           11          19      0.3333      0.1200    300.0000    478.5730     62.2137
           11          20      0.3333      0.1267    300.0000    478.5730     62.2137
           11          21      0.3333      0.1333    300.0000    478.5730     62.2137
           11          22      0.3333      0.1400    300.0000    478.5730     62.2137
           11          23      0.3333      0.1467    300.0000    478.5730     62.2137
           11          24      0.3333      0.1533    300.0000    478.5730     62.2137
           11          25      0.3333      0.1600    300.0000    478.5730     62.2137
           11          26      0.3333      0.1667    300.0000    478.5730     62.2137
           11          27      0.3333      0.1733    300.0000    478.5730     62.2137
           11          28      0.3333      0.1800    300.0000    478.5730     62.2137
           11          29      0.3333      0.1867    300.0000    478.5730     62.2137
           11          30      0.3333      0.1933    300.0000    478.5730     62.2137
           11          31      0.3333      0.2000    300.0000    478.5730     62.2137
           12           1      0.3667      0.0000    300.0000    478.5730     62.2137
           12           2      0.3667      0.0067    300.0000    478.5730     62.2137
           12           3      0.3667      0.0133    300.0000    478.5730     62.2137
           12           4      0.3667      0.0200    300.0000    478.5730     62.2137
           12           5      0.3667      0.0267    300.0000    478.5730     62.2137
           12           6      0.3667      0.0333    300.0000    478.5730     62.2137
           12           7      0.3667      0.0400    300.0000    478.5730     62.2137
           12           8      0.3667      0.0467    300.0000    478.5730     62.2137
           12           9      0.3667      0.0533    300.0000    478.5730     62.2137
           12          10      0.3667      0.0600    300.0000    478.5730     62.2137
           12          11      0.3667      0.0667    300.0000    478.5730     62.2137
           12          12      0.3667      0.0733    300.0000    478.5730     62.2137
           12          13      0.3667      0.0800    300.0000    478.5730     62.2137
           12          14      0.3667      0.0867    300.0000    478.5730     62.2137
           12          15      0.3667      0.0933    300.0000    478.5730     62.2137
           12          16      0.3667      0.1000    300.0000    478.5730     62.2137
           12          17      0.3667      0.1067    300.0000    478.5730     62.2137
           12          18      0.3667      0.1133    300.0000    478.5730     62.2137
           12          19      0.3667      0.1200    300.0000    478.5730     62.2137
           12          20      0.3667      0.1267    300.0000    478.5730     62.2137
           12          21      0.3667      0.1333    300.0000    478.5730     62.2137
           12          22      0.3667      0.1400    300.0000    478.5730     62.2137
           12          23      0.3667      0.1467    300.0000    478.5730     62.2137
           12          24      0.3667      0.1533    300.0000    478.5730     62.2137
           12          25      0.3667      0.1600    300.0000    478.5730     62.2137
           12          26      0.3667      0.1667    300.0000    478.5730     62.2137
           12          27      0.3667      0.1733    300.0000    478.5730     62.2137
           12          28      0.3667      0.1800    300.0000    478.5730     62.2137
           12          29      0.3667      0.1867    300.0000    478.5730     62.2137
           12          30      0.3667      0.1933    300.0000    478.5730     62.2137
           12          31      0.3667      0.2000    300.0000    478.5730     62.2137
           13           1      0.4000      0.0000    300.0000    478.5730     62.2137
           13           2      0.4000      0.0067    300.0000    478.5730     62.2137
           13           3      0.4000      0.0133    300.0000    478.5730     62.2137
           13           4      0.4000      0.0200    300.0000    478.5730     62.2137
           13           5      0.4000      0.0267    300.0000    478.5730     62.2137
           13           6      0.4000      0.0333    300.0000    478.5730     62.2137
           13           7      0.4000      0.0400    300.0000    478.5730     62.2137
           13           8      0.4000      0.0467    300.0000    478.5730     62.2137
           13           9      0.4000      0.0533    300.0000    478.5730     62.2137
           13          10      0.4000      0.0600    300.0000    478.5730     62.2137
           13          11      0.4000      0.0667    300.0000    478.5730     62.2137
           13          12      0.4000      0.0733    300.0000    478.5730     62.2137
           13          13      0.4000      0.0800    300.0000    478.5730     62.2137
           13          14      0.4000      0.0867    300.0000    478.5730     62.2137
           13          15      0.4000      0.0933    300.0000    478.5730     62.2137
           13          16      0.4000      0.1000    300.0000    478.5730     62.2137
           13          17      0.4000      0.1067    300.0000    478.5730     62.2137
           13          18      0.4000      0.1133    300.0000    478.5730     62.2137
           13          19      0.4000      0.1200    300.0000    478.5730     62.2137
           13          20      0.4000      0.1267    300.0000    478.5730     62.2137
           13          21      0.4000      0.1333    300.0000    478.5730     62.2137
           13          22      0.4000      0.1400    300.0000    478.5730     62.2137
           13          23      0.4000      0.1467    300.0000    478.5730     62.2137
           13          24      0.4000      0.1533    300.0000    478.5730     62.2137
           13          25      0.4000      0.1600    300.0000    478.5730     62.2137
           13          26      0.4000      0.1667    300.0000    478.5730     62.2137
           13          27      0.4000      0.1733    300.0000    478.5730     62.2137
           13          28      0.4000      0.1800    300.0000    478.5730     62.2137
           13          29      0.4000      0.1867    300.0000    478.5730     62.2137
           13          30      0.4000      0.1933    300.0000    478.5730     62.2137
           13          31      0.4000      0.2000    300.0000    478.5730     62.2137
           14           1      0.4333      0.0000    300.0000    478.5730     62.2137
           14           2      0.4333      0.0067    300.0000    478.5730     62.2137
           14           3      0.4333      0.0133    300.0000    478.5730     62.2137
           14           4      0.4333      0.0200    300.0000    478.5730     62.2137
           14           5      0.4333      0.0267    300.0000    478.5730     62.2137
           14           6      0.4333      0.0333    300.0000    478.5730     62.2137
           14           7      0.4333      0.0400    300.0000    478.5730     62.2137
           14           8      0.4333      0.0467    300.0000    478.5730     62.2137
           14           9      0.4333      0.0533    300.0000    478.5730     62.2137
           14          10      0.4333      0.0600    300.0000    478.5730     62.2137
           14          11      0.4333      0.0667    300.0000    478.5730     62.2137
           14          12      0.4333      0.0733    300.0000    478.5730     62.2137
           14          13      0.4333      0.0800    300.0000    478.5730     62.2137
           14          14      0.4333      0.0867    300.0000    478.5730     62.2137
           14          15      0.4333      0.0933    300.0000    478.5730     62.2137
           14          16      0.4333      0.1000    300.0000    478.5730     62.2137
           14          17      0.4333      0.1067    300.0000    478.5730     62.2137
           14          18      0.4333      0.1133    300.0000    478.5730     62.2137
           14          19      0.4333      0.1200    300.0000    478.5730     62.2137
           14          20      0.4333      0.1267    300.0000    478.5730     62.2137
           14          21      0.4333      0.1333    300.0000    478.5730     62.2137
           14          22      0.4333      0.1400    300.0000    478.5730     62.2137
           14          23      0.4333      0.1467    300.0000    478.5730     62.2137
           14          24      0.4333      0.1533    300.0000    478.5730     62.2137
           14          25      0.4333      0.1600    300.0000    478.5730     62.2137
           14          26      0.4333      0.1667    300.0000    478.5730     62.2137
           14          27      0.4333      0.1733    300.0000    478.5730     62.2137
           14          28      0.4333      0.1800    300.0000    478.5730     62.2137
           14          29      0.4333      0.1867    300.0000    478.5730     62.2137
           14          30      0.4333      0.1933    300.0000    478.5730     62.2137
           14          31      0.4333      0.2000    300.0000    478.5730     62.2137
           15           1      0.4667      0.0000    300.0000    478.5730     62.2137
           15           2      0.4667      0.0067    300.0000    478.5730     62.2137
           15           3      0.4667      0.0133    300.0000    478.5730     62.2137
           15           4      0.4667      0.0200    300.0000    478.5730     62.2137
           15           5      0.4667      0.0267    300.0000    478.5730     62.2137
           15           6      0.4667      0.0333    300.0000    478.5730     62.2137
           15           7      0.4667      0.0400    300.0000    478.5730     62.2137
           15           8      0.4667      0.0467    300.0000    478.5730     62.2137
           15           9      0.4667      0.0533    300.0000    478.5730     62.2137
           15          10      0.4667      0.0600    300.0000    478.5730     62.2137
           15          11      0.4667      0.0667    300.0000    478.5730     62.2137
           15          12      0.4667      0.0733    300.0000    478.5730     62.2137
           15          13      0.4667      0.0800    300.0000    478.5730     62.2137
           15          14      0.4667      0.0867    300.0000    478.5730     62.2137
           15          15      0.4667      0.0933    300.0000    478.5730     62.2137
           15          16      0.4667      0.1000    300.0000    478.5730     62.2137
           15          17      0.4667      0.1067    300.0000    478.5730     62.2137
           15          18      0.4667      0.1133    300.0000    478.5730     62.2137
           15          19      0.4667      0.1200    300.0000    478.5730     62.2137
           15          20      0.4667      0.1267    300.0000    478.5730     62.2137
           15          21      0.4667      0.1333    300.0000    478.5730     62.2137
           15          22      0.4667      0.1400    300.0000    478.5730     62.2137
           15          23      0.4667      0.1467    300.0000    478.5730     62.2137
           15          24      0.4667      0.1533    300.0000    478.5730     62.2137
           15          25      0.4667      0.1600    300.0000    478.5730     62.2137
           15          26      0.4667      0.1667    300.0000    478.5730     62.2137
           15          27      0.4667      0.1733    300.0000    478.5730     62.2137
           15          28      0.4667      0.1800    300.0000    478.5730     62.2137
           15          29      0.4667      0.1867    300.0000    478.5730     62.2137
           15          30      0.4667      0.1933    300.0000    478.5730     62.2137
           15          31      0.4667      0.2000    300.0000    478.5730     62.2137
           16           1      0.5000      0.0000    300.0000    478.5730     62.2137
           16           2      0.5000      0.0067    300.0000    478.5730     62.2137
           16           3      0.5000      0.0133    300.0000    478.5730     62.2137
           16           4      0.5000      0.0200    300.0000    478.5730     62.2137
           16           5      0.5000      0.0267    300.0000    478.5730     62.2137
           16           6      0.5000      0.0333    300.0000    478.5730     62.2137
           16           7      0.5000      0.0400    300.0000    478.5730     62.2137
           16           8      0.5000      0.0467    300.0000    478.5730     62.2137
           16           9      0.5000      0.0533    300.0000    478.5730     62.2137
           16          10      0.5000      0.0600    300.0000    478.5730     62.2137
           16          11      0.5000      0.0667    300.0000    478.5730     62.2137
           16          12      0.5000      0.0733    300.0000    478.5730     62.2137
           16          13      0.5000      0.0800    300.0000    478.5730     62.2137
           16          14      0.5000      0.0867    300.0000    478.5730     62.2137
           16          15      0.5000      0.0933    300.0000    478.5730     62.2137
           16          16      0.5000      0.1000    300.0000    478.5730     62.2137
           16          17      0.5000      0.1067    300.0000    478.5730     62.2137
           16          18      0.5000      0.1133    300.0000    478.5730     62.2137
           16          19      0.5000      0.1200    300.0000    478.5730     62.2137
           16          20      0.5000      0.1267    300.0000    478.5730     62.2137
           16          21      0.5000      0.1333    300.0000    478.5730     62.2137
           16          22      0.5000      0.1400    300.0000    478.5730     62.2137
           16          23      0.5000      0.1467    300.0000    478.5730     62.2137
           16          24      0.5000      0.1533    300.0000    478.5730     62.2137
           16          25      0.5000      0.1600    300.0000    478.5730     62.2137
           16          26      0.5000      0.1667    300.0000    478.5730     62.2137
           16          27      0.5000      0.1733    300.0000    478.5730     62.2137
           16          28      0.5000      0.1800    300.0000    478.5730     62.2137
           16          29      0.5000      0.1867    300.0000    478.5730     62.2137
           16          30      0.5000      0.1933    300.0000    478.5730     62.2137
           16          31      0.5000      0.2000    300.0000    478.5730     62.2137
           17           1      0.5333      0.0000    300.0000    478.5730     62.2137
           17           2      0.5333      0.0067    300.0000    478.5730     62.2137
           17           3      0.5333      0.0133    300.0000    478.5730     62.2137
           17           4      0.5333      0.0200    300.0000    478.5730     62.2137
           17           5      0.5333      0.0267    300.0000    478.5730     62.2137
           17           6      0.5333      0.0333    300.0000    478.5730     62.2137
           17           7      0.5333      0.0400    300.0000    478.5730     62.2137
           17           8      0.5333      0.0467    300.0000    478.5730     62.2137
           17           9      0.5333      0.0533    300.0000    478.5730     62.2137
           17          10      0.5333      0.0600    300.0000    478.5730     62.2137
           17          11      0.5333      0.0667    300.0000    478.5730     62.2137
           17          12      0.5333      0.0733    300.0000    478.5730     62.2137
           17          13      0.5333      0.0800    300.0000    478.5730     62.2137
           17          14      0.5333      0.0867    300.0000    478.5730     62.2137
           17          15      0.5333      0.0933    300.0000    478.5730     62.2137
           17          16      0.5333      0.1000    300.0000    478.5730     62.2137
           17          17      0.5333      0.1067    300.0000    478.5730     62.2137
           17          18      0.5333      0.1133    300.0000    478.5730     62.2137
           17          19      0.5333      0.1200    300.0000    478.5730     62.2137
           17          20      0.5333      0.1267    300.0000    478.5730     62.2137
           17          21      0.5333      0.1333    300.0000    478.5730     62.2137
           17          22      0.5333      0.1400    300.0000    478.5730     62.2137
           17          23      0.5333      0.1467    300.0000    478.5730     62.2137
           17          24      0.5333      0.1533    300.0000    478.5730     62.2137
           17          25      0.5333      0.1600    300.0000    478.5730     62.2137
           17          26      0.5333      0.1667    300.0000    478.5730     62.2137
           17          27      0.5333      0.1733    300.0000    478.5730     62.2137
           17          28      0.5333      0.1800    300.0000    478.5730     62.2137
           17          29      0.5333      0.1867    300.0000    478.5730     62.2137
           17          30      0.5333      0.1933    300.0000    478.5730     62.2137
           17          31      0.5333      0.2000    300.0000    478.5730     62.2137
           18           1      0.5667      0.0000    300.0000    478.5730     62.2137
           18           2      0.5667      0.0067    300.0000    478.5730     62.2137
           18           3      0.5667      0.0133    300.0000    478.5730     62.2137
           18           4      0.5667      0.0200    300.0000    478.5730     62.2137
           18           5      0.5667      0.0267    300.0000    478.5730     62.2137
           18           6      0.5667      0.0333    300.0000    478.5730     62.2137
           18           7      0.5667      0.0400    300.0000    478.5730     62.2137
           18           8      0.5667      0.0467    300.0000    478.5730     62.2137
           18           9      0.5667      0.0533    300.0000    478.5730     62.2137
           18          10      0.5667      0.0600    300.0000    478.5730     62.2137
           18          11      0.5667      0.0667    300.0000    478.5730     62.2137
           18          12      0.5667      0.0733    300.0000    478.5730     62.2137
           18          13      0.5667      0.0800    300.0000    478.5730     62.2137
           18          14      0.5667      0.0867    300.0000    478.5730     62.2137
           18          15      0.5667      0.0933    300.0000    478.5730     62.2137
           18          16      0.5667      0.1000    300.0000    478.5730     62.2137
           18          17      0.5667      0.1067    300.0000    478.5730     62.2137
           18          18      0.5667      0.1133    300.0000    478.5730     62.2137
           18          19      0.5667      0.1200    300.0000    478.5730     62.2137
           18          20      0.5667      0.1267    300.0000    478.5730     62.2137
           18          21      0.5667      0.1333    300.0000    478.5730     62.2137
           18          22      0.5667      0.1400    300.0000    478.5730     62.2137
           18          23      0.5667      0.1467    300.0000    478.5730     62.2137
           18          24      0.5667      0.1533    300.0000    478.5730     62.2137
           18          25      0.5667      0.1600    300.0000    478.5730     62.2137
           18          26      0.5667      0.1667    300.0000    478.5730     62.2137
           18          27      0.5667      0.1733    300.0000    478.5730     62.2137
           18          28      0.5667      0.1800    300.0000    478.5730     62.2137
           18          29      0.5667      0.1867    300.0000    478.5730     62.2137
           18          30      0.5667      0.1933    300.0000    478.5730     62.2137
           18          31      0.5667      0.2000    300.0000    478.5730     62.2137
           19           1      0.6000      0.0000    300.0000    478.5730     62.2137
           19           2      0.6000      0.0067    300.0000    478.5730     62.2137
           19           3      0.6000      0.0133    300.0000    478.5730     62.2137
           19           4      0.6000      0.0200    300.0000    478.5730     62.2137
           19           5      0.6000      0.0267    300.0000    478.5730     62.2137
           19           6      0.6000      0.0333    300.0000    478.5730     62.2137
           19           7      0.6000      0.0400    300.0000    478.5730     62.2137
           19           8      0.6000      0.0467    300.0000    478.5730     62.2137
           19           9      0.6000      0.0533    300.0000    478.5730     62.2137
           19          10      0.6000      0.0600    300.0000    478.5730     62.2137
           19          11      0.6000      0.0667    300.0000    478.5730     62.2137
           19          12      0.6000      0.0733    300.0000    478.5730     62.2137
           19          13      0.6000      0.0800    300.0000    478.5730     62.2137
           19          14      0.6000      0.0867    300.0000    478.5730     62.2137
           19          15      0.6000      0.0933    300.0000    478.5730     62.2137
           19          16      0.6000      0.1000    300.0000    478.5730     62.2137
           19          17      0.6000      0.1067    300.0000    478.5730     62.2137
           19          18      0.6000      0.1133    300.0000    478.5730     62.2137
           19          19      0.6000      0.1200    300.0000    478.5730     62.2137
           19          20      0.6000      0.1267    300.0000    478.5730     62.2137
           19          21      0.6000      0.1333    300.0000    478.5730     62.2137
           19          22      0.6000      0.1400    300.0000    478.5730     62.2137
           19          23      0.6000      0.1467    300.0000    478.5730     62.2137
           19          24      0.6000      0.1533    300.0000    478.5730     62.2137
           19          25      0.6000      0.1600    300.0000    478.5730     62.2137
           19          26      0.6000      0.1667    300.0000    478.5730     62.2137
           19          27      0.6000      0.1733    300.0000    478.5730     62.2137
           19          28      0.6000      0.1800    300.0000    478.5730     62.2137
           19          29      0.6000      0.1867    300.0000    478.5730     62.2137
           19          30      0.6000      0.1933    300.0000    478.5730     62.2137
           19          31      0.6000      0.2000    300.0000    478.5730     62.2137
           20           1      0.6333      0.0000    300.0000    478.5730     62.2137
           20           2      0.6333      0.0067    300.0000    478.5730     62.2137
           20           3      0.6333      0.0133    300.0000    478.5730     62.2137
           20           4      0.6333      0.0200    300.0000    478.5730     62.2137
           20           5      0.6333      0.0267    300.0000    478.5730     62.2137
           20           6      0.6333      0.0333    300.0000    478.5730     62.2137
           20           7      0.6333      0.0400    300.0000    478.5730     62.2137
           20           8      0.6333      0.0467    300.0000    478.5730     62.2137
           20           9      0.6333      0.0533    300.0000    478.5730     62.2137
           20          10      0.6333      0.0600    300.0000    478.5730     62.2137
           20          11      0.6333      0.0667    300.0000    478.5730     62.2137
           20          12      0.6333      0.0733    300.0000    478.5730     62.2137
           20          13      0.6333      0.0800    300.0000    478.5730     62.2137
           20          14      0.6333      0.0867    300.0000    478.5730     62.2137
           20          15      0.6333      0.0933    300.0000    478.5730     62.2137
           20          16      0.6333      0.1000    300.0000    478.5730     62.2137
           20          17      0.6333      0.1067    300.0000    478.5730     62.2137
           20          18      0.6333      0.1133    300.0000    478.5730     62.2137
           20          19      0.6333      0.1200    300.0000    478.5730     62.2137
           20          20      0.6333      0.1267    300.0000    478.5730     62.2137
           20          21      0.6333      0.1333    300.0000    478.5730     62.2137
           20          22      0.6333      0.1400    300.0000    478.5730     62.2137
           20          23      0.6333      0.1467    300.0000    478.5730     62.2137
           20          24      0.6333      0.1533    300.0000    478.5730     62.2137
           20          25      0.6333      0.1600    300.0000    478.5730     62.2137
           20          26      0.6333      0.1667    300.0000    478.5730     62.2137
           20          27      0.6333      0.1733    300.0000    478.5730     62.2137
           20          28      0.6333      0.1800    300.0000    478.5730     62.2137
           20          29      0.6333      0.1867    300.0000    478.5730     62.2137
           20          30      0.6333      0.1933    300.0000    478.5730     62.2137
           20          31      0.6333      0.2000    300.0000    478.5730     62.2137
           21           1      0.6667      0.0000    300.0000    478.5730     62.2137
           21           2      0.6667      0.0067    300.0000    478.5730     62.2137
           21           3      0.6667      0.0133    300.0000    478.5730     62.2137
           21           4      0.6667      0.0200    300.0000    478.5730     62.2137
           21           5      0.6667      0.0267    300.0000    478.5730     62.2137
           21           6      0.6667      0.0333    300.0000    478.5730     62.2137
           21           7      0.6667      0.0400    300.0000    478.5730     62.2137
           21           8      0.6667      0.0467    300.0000    478.5730     62.2137
           21           9      0.6667      0.0533    300.0000    478.5730     62.2137
           21          10      0.6667      0.0600    300.0000    478.5730     62.2137
           21          11      0.6667      0.0667    300.0000    478.5730     62.2137
           21          12      0.6667      0.0733    300.0000    478.5730     62.2137
           21          13      0.6667      0.0800    300.0000    478.5730     62.2137
           21          14      0.6667      0.0867    300.0000    478.5730     62.2137
           21          15      0.6667      0.0933    300.0000    478.5730     62.2137
           21          16      0.6667      0.1000    300.0000    478.5730     62.2137
           21          17      0.6667      0.1067    300.0000    478.5730     62.2137
           21          18      0.6667      0.1133    300.0000    478.5730     62.2137
           21          19      0.6667      0.1200    300.0000    478.5730     62.2137
           21          20      0.6667      0.1267    300.0000    478.5730     62.2137
           21          21      0.6667      0.1333    300.0000    478.5730     62.2137
           21          22      0.6667      0.1400    300.0000    478.5730     62.2137
           21          23      0.6667      0.1467    300.0000    478.5730     62.2137
           21          24      0.6667      0.1533    300.0000    478.5730     62.2137
           21          25      0.6667      0.1600    300.0000    478.5730     62.2137
           21          26      0.6667      0.1667    300.0000    478.5730     62.2137
           21          27      0.6667      0.1733    300.0000    478.5730     62.2137
           21          28      0.6667      0.1800    300.0000    478.5730     62.2137
           21          29      0.6667      0.1867    300.0000    478.5730     62.2137
           21          30      0.6667      0.1933    300.0000    478.5730     62.2137
           21          31      0.6667      0.2000    300.0000    478.5730     62.2137
           22           1      0.7000      0.0000    300.0000    478.5730     62.2137
           22           2      0.7000      0.0067    300.0000    478.5730     62.2137
           22           3      0.7000      0.0133    300.0000    478.5730     62.2137
           22           4      0.7000      0.0200    300.0000    478.5730     62.2137
           22           5      0.7000      0.0267    300.0000    478.5730     62.2137
           22           6      0.7000      0.0333    300.0000    478.5730     62.2137
           22           7      0.7000      0.0400    300.0000    478.5730     62.2137
           22           8      0.7000      0.0467    300.0000    478.5730     62.2137
           22           9      0.7000      0.0533    300.0000    478.5730     62.2137
           22          10      0.7000      0.0600    300.0000    478.5730     62.2137
           22          11      0.7000      0.0667    300.0000    478.5730     62.2137
           22          12      0.7000      0.0733    300.0000    478.5730     62.2137
           22          13      0.7000      0.0800    300.0000    478.5730     62.2137
           22          14      0.7000      0.0867    300.0000    478.5730     62.2137
           22          15      0.7000      0.0933    300.0000    478.5730     62.2137
           22          16      0.7000      0.1000    300.0000    478.5730     62.2137
           22          17      0.7000      0.1067    300.0000    478.5730     62.2137
           22          18      0.7000      0.1133    300.0000    478.5730     62.2137
           22          19      0.7000      0.1200    300.0000    478.5730     62.2137
           22          20      0.7000      0.1267    300.0000    478.5730     62.2137
           22          21      0.7000      0.1333    300.0000    478.5730     62.2137
           22          22      0.7000      0.1400    300.0000    478.5730     62.2137
           22          23      0.7000      0.1467    300.0000    478.5730     62.2137
           22          24      0.7000      0.1533    300.0000    478.5730     62.2137
           22          25      0.7000      0.1600    300.0000    478.5730     62.2137
           22          26      0.7000      0.1667    300.0000    478.5730     62.2137
           22          27      0.7000      0.1733    300.0000    478.5730     62.2137
           22          28      0.7000      0.1800    300.0000    478.5730     62.2137
           22          29      0.7000      0.1867    300.0000    478.5730     62.2137
           22          30      0.7000      0.1933    300.0000    478.5730     62.2137
           22          31      0.7000      0.2000    300.0000    478.5730     62.2137
           23           1      0.7333      0.0000    300.0000    478.5730     62.2137
           23           2      0.7333      0.0067    300.0000    478.5730     62.2137
           23           3      0.7333      0.0133    300.0000    478.5730     62.2137
           23           4      0.7333      0.0200    300.0000    478.5730     62.2137
           23           5      0.7333      0.0267    300.0000    478.5730     62.2137
           23           6      0.7333      0.0333    300.0000    478.5730     62.2137
           23           7      0.7333      0.0400    300.0000    478.5730     62.2137
           23           8      0.7333      0.0467    300.0000    478.5730     62.2137
           23           9      0.7333      0.0533    300.0000    478.5730     62.2137
           23          10      0.7333      0.0600    300.0000    478.5730     62.2137
           23          11      0.7333      0.0667    300.0000    478.5730     62.2137
           23          12      0.7333      0.0733    300.0000    478.5730     62.2137
           23          13      0.7333      0.0800    300.0000    478.5730     62.2137
           23          14      0.7333      0.0867    300.0000    478.5730     62.2137
           23          15      0.7333      0.0933    300.0000    478.5730     62.2137
           23          16      0.7333      0.1000    300.0000    478.5730     62.2137
           23          17      0.7333      0.1067    300.0000    478.5730     62.2137
           23          18      0.7333      0.1133    300.0000    478.5730     62.2137
           23          19      0.7333      0.1200    300.0000    478.5730     62.2137
           23          20      0.7333      0.1267    300.0000    478.5730     62.2137
           23          21      0.7333      0.1333    300.0000    478.5730     62.2137
           23          22      0.7333      0.1400    300.0000    478.5730     62.2137
           23          23      0.7333      0.1467    300.0000    478.5730     62.2137
           23          24      0.7333      0.1533    300.0000    478.5730     62.2137
           23          25      0.7333      0.1600    300.0000    478.5730     62.2137
           23          26      0.7333      0.1667    300.0000    478.5730     62.2137
           23          27      0.7333      0.1733    300.0000    478.5730     62.2137
           23          28      0.7333      0.1800    300.0000    478.5730     62.2137
           23          29      0.7333      0.1867    300.0000    478.5730     62.2137
           23          30      0.7333      0.1933    300.0000    478.5730     62.2137
           23          31      0.7333      0.2000    300.0000    478.5730     62.2137
           24           1      0.7667      0.0000    300.0000    478.5730     62.2137
           24           2      0.7667      0.0067    300.0000    478.5730     62.2137
           24           3      0.7667      0.0133    300.0000    478.5730     62.2137
           24           4      0.7667      0.0200    300.0000    478.5730     62.2137
           24           5      0.7667      0.0267    300.0000    478.5730     62.2137
           24           6      0.7667      0.0333    300.0000    478.5730     62.2137
           24           7      0.7667      0.0400    300.0000    478.5730     62.2137
           24           8      0.7667      0.0467    300.0000    478.5730     62.2137
           24           9      0.7667      0.0533    300.0000    478.5730     62.2137
           24          10      0.7667      0.0600    300.0000    478.5730     62.2137
           24          11      0.7667      0.0667    300.0000    478.5730     62.2137
           24          12      0.7667      0.0733    300.0000    478.5730     62.2137
           24          13      0.7667      0.0800    300.0000    478.5730     62.2137
           24          14      0.7667      0.0867    300.0000    478.5730     62.2137
           24          15      0.7667      0.0933    300.0000    478.5730     62.2137
           24          16      0.7667      0.1000    300.0000    478.5730     62.2137
           24          17      0.7667      0.1067    300.0000    478.5730     62.2137
           24          18      0.7667      0.1133    300.0000    478.5730     62.2137
           24          19      0.7667      0.1200    300.0000    478.5730     62.2137
           24          20      0.7667      0.1267    300.0000    478.5730     62.2137
           24          21      0.7667      0.1333    300.0000    478.5730     62.2137
           24          22      0.7667      0.1400    300.0000    478.5730     62.2137
           24          23      0.7667      0.1467    300.0000    478.5730     62.2137
           24          24      0.7667      0.1533    300.0000    478.5730     62.2137
           24          25      0.7667      0.1600    300.0000    478.5730     62.2137
           24          26      0.7667      0.1667    300.0000    478.5730     62.2137
           24          27      0.7667      0.1733    300.0000    478.5730     62.2137
           24          28      0.7667      0.1800    300.0000    478.5730     62.2137
           24          29      0.7667      0.1867    300.0000    478.5730     62.2137
           24          30      0.7667      0.1933    300.0000    478.5730     62.2137
           24          31      0.7667      0.2000    300.0000    478.5730     62.2137
           25           1      0.8000      0.0000    300.0000    478.5730     62.2137
           25           2      0.8000      0.0067    300.0000    478.5730     62.2137
           25           3      0.8000      0.0133    300.0000    478.5730     62.2137
           25           4      0.8000      0.0200    300.0000    478.5730     62.2137
           25           5      0.8000      0.0267    300.0000    478.5730     62.2137
           25           6      0.8000      0.0333    300.0000    478.5730     62.2137
           25           7      0.8000      0.0400    300.0000    478.5730     62.2137
           25           8      0.8000      0.0467    300.0000    478.5730     62.2137
           25           9      0.8000      0.0533    300.0000    478.5730     62.2137
           25          10      0.8000      0.0600    300.0000    478.5730     62.2137
           25          11      0.8000      0.0667    300.0000    478.5730     62.2137
           25          12      0.8000      0.0733    300.0000    478.5730     62.2137
           25          13      0.8000      0.0800    300.0000    478.5730     62.2137
           25          14      0.8000      0.0867    300.0000    478.5730     62.2137
           25          15      0.8000      0.0933    300.0000    478.5730     62.2137
           25          16      0.8000      0.1000    300.0000    478.5730     62.2137
           25          17      0.8000      0.1067    300.0000    478.5730     62.2137
           25          18      0.8000      0.1133    300.0000    478.5730     62.2137
           25          19      0.8000      0.1200    300.0000    478.5730     62.2137
           25          20      0.8000      0.1267    300.0000    478.5730     62.2137
           25          21      0.8000      0.1333    300.0000    478.5730     62.2137
           25          22      0.8000      0.1400    300.0000    478.5730     62.2137
           25          23      0.8000      0.1467    300.0000    478.5730     62.2137
           25          24      0.8000      0.1533    300.0000    478.5730     62.2137
           25          25      0.8000      0.1600    300.0000    478.5730     62.2137
           25          26      0.8000      0.1667    300.0000    478.5730     62.2137
           25          27      0.8000      0.1733    300.0000    478.5730     62.2137
           25          28      0.8000      0.1800    300.0000    478.5730     62.2137
           25          29      0.8000      0.1867    300.0000    478.5730     62.2137
           25          30      0.8000      0.1933    300.0000    478.5730     62.2137
           25          31      0.8000      0.2000    300.0000    478.5730     62.2137
           26           1      0.8333      0.0000    300.0000    478.5730     62.2137
           26           2      0.8333      0.0067    300.0000    478.5730     62.2137
           26           3      0.8333      0.0133    300.0000    478.5730     62.2137
           26           4      0.8333      0.0200    300.0000    478.5730     62.2137
           26           5      0.8333      0.0267    300.0000    478.5730     62.2137
           26           6      0.8333      0.0333    300.0000    478.5730     62.2137
           26           7      0.8333      0.0400    300.0000    478.5730     62.2137
           26           8      0.8333      0.0467    300.0000    478.5730     62.2137
           26           9      0.8333      0.0533    300.0000    478.5730     62.2137
           26          10      0.8333      0.0600    300.0000    478.5730     62.2137
           26          11      0.8333      0.0667    300.0000    478.5730     62.2137
           26          12      0.8333      0.0733    300.0000    478.5730     62.2137
           26          13      0.8333      0.0800    300.0000    478.5730     62.2137
           26          14      0.8333      0.0867    300.0000    478.5730     62.2137
           26          15      0.8333      0.0933    300.0000    478.5730     62.2137
           26          16      0.8333      0.1000    300.0000    478.5730     62.2137
           26          17      0.8333      0.1067    300.0000    478.5730     62.2137
           26          18      0.8333      0.1133    300.0000    478.5730     62.2137
           26          19      0.8333      0.1200    300.0000    478.5730     62.2137
           26          20      0.8333      0.1267    300.0000    478.5730     62.2137
           26          21      0.8333      0.1333    300.0000    478.5730     62.2137
           26          22      0.8333      0.1400    300.0000    478.5730     62.2137
           26          23      0.8333      0.1467    300.0000    478.5730     62.2137
           26          24      0.8333      0.1533    300.0000    478.5730     62.2137
           26          25      0.8333      0.1600    300.0000    478.5730     62.2137
           26          26      0.8333      0.1667    300.0000    478.5730     62.2137
           26          27      0.8333      0.1733    300.0000    478.5730     62.2137
           26          28      0.8333      0.1800    300.0000    478.5730     62.2137
           26          29      0.8333      0.1867    300.0000    478.5730     62.2137
           26          30      0.8333      0.1933    300.0000    478.5730     62.2137
           26          31      0.8333      0.2000    300.0000    478.5730     62.2137
           27           1      0.8667      0.0000    300.0000    478.5730     62.2137
           27           2      0.8667      0.0067    300.0000    478.5730     62.2137
           27           3      0.8667      0.0133    300.0000    478.5730     62.2137
           27           4      0.8667      0.0200    300.0000    478.5730     62.2137
           27           5      0.8667      0.0267    300.0000    478.5730     62.2137
           27           6      0.8667      0.0333    300.0000    478.5730     62.2137
           27           7      0.8667      0.0400    300.0000    478.5730     62.2137
           27           8      0.8667      0.0467    300.0000    478.5730     62.2137
           27           9      0.8667      0.0533    300.0000    478.5730     62.2137
           27          10      0.8667      0.0600    300.0000    478.5730     62.2137
           27          11      0.8667      0.0667    300.0000    478.5730     62.2137
           27          12      0.8667      0.0733    300.0000    478.5730     62.2137
           27          13      0.8667      0.0800    300.0000    478.5730     62.2137
           27          14      0.8667      0.0867    300.0000    478.5730     62.2137
           27          15      0.8667      0.0933    300.0000    478.5730     62.2137
           27          16      0.8667      0.1000    300.0000    478.5730     62.2137
           27          17      0.8667      0.1067    300.0000    478.5730     62.2137
           27          18      0.8667      0.1133    300.0000    478.5730     62.2137
           27          19      0.8667      0.1200    300.0000    478.5730     62.2137
           27          20      0.8667      0.1267    300.0000    478.5730     62.2137
           27          21      0.8667      0.1333    300.0000    478.5730     62.2137
           27          22      0.8667      0.1400    300.0000    478.5730     62.2137
           27          23      0.8667      0.1467    300.0000    478.5730     62.2137
           27          24      0.8667      0.1533    300.0000    478.5730     62.2137
           27          25      0.8667      0.1600    300.0000    478.5730     62.2137
           27          26      0.8667      0.1667    300.0000    478.5730     62.2137
           27          27      0.8667      0.1733    300.0000    478.5730     62.2137
           27          28      0.8667      0.1800    300.0000    478.5730     62.2137
           27          29      0.8667      0.1867    300.0000    478.5730     62.2137
           27          30      0.8667      0.1933    300.0000    478.5730     62.2137
           27          31      0.8667      0.2000    300.0000    478.5730     62.2137
           28           1      0.9000      0.0000    300.0000    478.5730     62.2137
           28           2      0.9000      0.0067    300.0000    478.5730     62.2137
           28           3      0.9000      0.0133    300.0000    478.5730     62.2137
           28           4      0.9000      0.0200    300.0000    478.5730     62.2137
           28           5      0.9000      0.0267    300.0000    478.5730     62.2137
           28           6      0.9000      0.0333    300.0000    478.5730     62.2137
           28           7      0.9000      0.0400    300.0000    478.5730     62.2137
           28           8      0.9000      0.0467    300.0000    478.5730     62.2137
           28           9      0.9000      0.0533    300.0000    478.5730     62.2137
           28          10      0.9000      0.0600    300.0000    478.5730     62.2137
           28          11      0.9000      0.0667    300.0000    478.5730     62.2137
           28          12      0.9000      0.0733    300.0000    478.5730     62.2137
           28          13      0.9000      0.0800    300.0000    478.5730     62.2137
           28          14      0.9000      0.0867    300.0000    478.5730     62.2137
           28          15      0.9000      0.0933    300.0000    478.5730     62.2137
           28          16      0.9000      0.1000    300.0000    478.5730     62.2137
           28          17      0.9000      0.1067    300.0000    478.5730     62.2137
           28          18      0.9000      0.1133    300.0000    478.5730     62.2137
           28          19      0.9000      0.1200    300.0000    478.5730     62.2137
           28          20      0.9000      0.1267    300.0000    478.5730     62.2137
           28          21      0.9000      0.1333    300.0000    478.5730     62.2137
           28          22      0.9000      0.1400    300.0000    478.5730     62.2137
           28          23      0.9000      0.1467    300.0000    478.5730     62.2137
           28          24      0.9000      0.1533    300.0000    478.5730     62.2137
           28          25      0.9000      0.1600    300.0000    478.5730     62.2137
           28          26      0.9000      0.1667    300.0000    478.5730     62.2137
           28          27      0.9000      0.1733    300.0000    478.5730     62.2137
           28          28      0.9000      0.1800    300.0000    478.5730     62.2137
           28          29      0.9000      0.1867    300.0000    478.5730     62.2137
           28          30      0.9000      0.1933    300.0000    478.5730     62.2137
           28          31      0.9000      0.2000    300.0000    478.5730     62.2137
           29           1      0.9333      0.0000    300.0000    478.5730     62.2137
           29           2      0.9333      0.0067    300.0000    478.5730     62.2137
           29           3      0.9333      0.0133    300.0000    478.5730     62.2137
           29           4      0.9333      0.0200    300.0000    478.5730     62.2137
           29           5      0.9333      0.0267    300.0000    478.5730     62.2137
           29           6      0.9333      0.0333    300.0000    478.5730     62.2137
           29           7      0.9333      0.0400    300.0000    478.5730     62.2137
           29           8      0.9333      0.0467    300.0000    478.5730     62.2137
           29           9      0.9333      0.0533    300.0000    478.5730     62.2137
           29          10      0.9333      0.0600    300.0000    478.5730     62.2137
           29          11      0.9333      0.0667    300.0000    478.5730     62.2137
           29          12      0.9333      0.0733    300.0000    478.5730     62.2137
           29          13      0.9333      0.0800    300.0000    478.5730     62.2137
           29          14      0.9333      0.0867    300.0000    478.5730     62.2137
           29          15      0.9333      0.0933    300.0000    478.5730     62.2137
           29          16      0.9333      0.1000    300.0000    478.5730     62.2137
           29          17      0.9333      0.1067    300.0000    478.5730     62.2137
           29          18      0.9333      0.1133    300.0000    478.5730     62.2137
           29          19      0.9333      0.1200    300.0000    478.5730     62.2137
           29          20      0.9333      0.1267    300.0000    478.5730     62.2137
           29          21      0.9333      0.1333    300.0000    478.5730     62.2137
           29          22      0.9333      0.1400    300.0000    478.5730     62.2137
           29          23      0.9333      0.1467    300.0000    478.5730     62.2137
           29          24      0.9333      0.1533    300.0000    478.5730     62.2137
           29          25      0.9333      0.1600    300.0000    478.5730     62.2137
           29          26      0.9333      0.1667    300.0000    478.5730     62.2137
           29          27      0.9333      0.1733    300.0000    478.5730     62.2137
           29          28      0.9333      0.1800    300.0000    478.5730     62.2137
           29          29      0.9333      0.1867    300.0000    478.5730     62.2137
           29          30      0.9333      0.1933    300.0000    478.5730     62.2137
           29          31      0.9333      0.2000    300.0000    478.5730     62.2137
           30           1      0.9667      0.0000    300.0000    478.5730     62.2137
           30           2      0.9667      0.0067    300.0000    478.5730     62.2137
           30           3      0.9667      0.0133    300.0000    478.5730     62.2137
           30           4      0.9667      0.0200    300.0000    478.5730     62.2137
           30           5      0.9667      0.0267    300.0000    478.5730     62.2137
           30           6      0.9667      0.0333    300.0000    478.5730     62.2137
           30           7      0.9667      0.0400    300.0000    478.5730     62.2137
           30           8      0.9667      0.0467    300.0000    478.5730     62.2137
           30           9      0.9667      0.0533    300.0000    478.5730     62.2137
           30          10      0.9667      0.0600    300.0000    478.5730     62.2137
           30          11      0.9667      0.0667    300.0000    478.5730     62.2137
           30          12      0.9667      0.0733    300.0000    478.5730     62.2137
           30          13      0.9667      0.0800    300.0000    478.5730     62.2137
           30          14      0.9667      0.0867    300.0000    478.5730     62.2137
           30          15      0.9667      0.0933    300.0000    478.5730     62.2137
           30          16      0.9667      0.1000    300.0000    478.5730     62.2137
           30          17      0.9667      0.1067    300.0000    478.5730     62.2137
           30          18      0.9667      0.1133    300.0000    478.5730     62.2137
           30          19      0.9667      0.1200    300.0000    478.5730     62.2137
           30          20      0.9667      0.1267    300.0000    478.5730     62.2137
           30          21      0.9667      0.1333    300.0000    478.5730     62.2137
           30          22      0.9667      0.1400    300.0000    478.5730     62.2137
           30          23      0.9667      0.1467    300.0000    478.5730     62.2137
           30          24      0.9667      0.1533    300.0000    478.5730     62.2137
           30          25      0.9667      0.1600    300.0000    478.5730     62.2137
           30          26      0.9667      0.1667    300.0000    478.5730     62.2137
           30          27      0.9667      0.1733    300.0000    478.5730     62.2137
           30          28      0.9667      0.1800    300.0000    478.5730     62.2137
           30          29      0.9667      0.1867    300.0000    478.5730     62.2137
           30          30      0.9667      0.1933    300.0000    478.5730     62.2137
           30          31      0.9667      0.2000    300.0000    478.5730     62.2137
           31           1      1.0000      0.0000    300.0000    478.5730     62.2137
           31           2      1.0000      0.0067    300.0000    478.5730     62.2137
           31           3      1.0000      0.0133    300.0000    478.5730     62.2137
           31           4      1.0000      0.0200    300.0000    478.5730     62.2137
           31           5      1.0000      0.0267    300.0000    478.5730     62.2137
           31           6      1.0000      0.0333    300.0000    478.5730     62.2137
           31           7      1.0000      0.0400    300.0000    478.5730     62.2137
           31           8      1.0000      0.0467    300.0000    478.5730     62.2137
           31           9      1.0000      0.0533    300.0000    478.5730     62.2137
           31          10      1.0000      0.0600    300.0000    478.5730     62.2137
           31          11      1.0000      0.0667    300.0000    478.5730     62.2137
           31          12      1.0000      0.0733    300.0000    478.5730     62.2137
           31          13      1.0000      0.0800    300.0000    478.5730     62.2137
           31          14      1.0000      0.0867    300.0000    478.5730     62.2137
           31          15      1.0000      0.0933    300.0000    478.5730     62.2137
           31          16      1.0000      0.1000    300.0000    478.5730     62.2137
           31          17      1.0000      0.1067    300.0000    478.5730     62.2137
           31          18      1.0000      0.1133    300.0000    478.5730     62.2137
           31          19      1.0000      0.1200    300.0000    478.5730     62.2137
           31          20      1.0000      0.1267    300.0000    478.5730     62.2137
           31          21      1.0000      0.1333    300.0000    478.5730     62.2137
           31          22      1.0000      0.1400    300.0000    478.5730     62.2137
           31          23      1.0000      0.1467    300.0000    478.5730     62.2137
           31          24      1.0000      0.1533    300.0000    478.5730     62.2137
           31          25      1.0000      0.1600    300.0000    478.5730     62.2137
           31          26      1.0000      0.1667    300.0000    478.5730     62.2137
           31          27      1.0000      0.1733    300.0000    478.5730     62.2137
           31          28      1.0000      0.1800    300.0000    478.5730     62.2137
           31          29      1.0000      0.1867    300.0000    478.5730     62.2137
           31          30      1.0000      0.1933    300.0000    478.5730     62.2137
           31          31      1.0000      0.2000    300.0000    478.5730     62.2137
